0 9999999 GAAT 2 
10000000 19999999 GAAT 2 
20000000 29999999 GAAT 2 
30000000 39999999 GAAT 2 
40000000 49999999 GAAT 2 
50000000 59999999 GAAT 2 
60000000 69999999 GAAT 2 
70000000 79999999 GAAT 2 
80000000 89999999 GAAT 2 
90000000 99999999 GAAT 2 
100000000 109999999 GAAT 2 
110000000 119999999 GAAT 2 
120000000 129999999 GAAT 2 
130000000 139999999 GAAT 2 
140000000 149999999 GAAT 2 
150000000 159999999 GAAT 2 
160000000 169999999 GAAT 2 
170000000 179999999 GAAT 2 
180000000 189999999 GAAT 2 
190000000 199999999 GAAT 2 
200000000 209999999 GAAT 2 
210000000 219999999 GAAT 2 
220000000 229999999 GAAT 2 
230000000 239999999 GAAT 2 
240000000 247037405 GAAT 2 
0 9999999 TCTG 3 
10000000 19999999 TCTG 3 
20000000 29999999 TCTG 3 
30000000 39999999 TCTG 3 
40000000 49999999 TCTG 3 
50000000 59999999 TCTG 3 
60000000 69999999 TCTG 3 
70000000 79999999 TCTG 3 
80000000 89999999 TCTG 3 
90000000 99999999 TCTG 3 
100000000 109999999 TCTG 3 
110000000 119999999 TCTG 3 
120000000 129999999 TCTG 3 
130000000 139999999 TCTG 3 
140000000 149999999 TCTG 3 
150000000 159999999 TCTG 3 
160000000 169999999 TCTG 3 
170000000 179999999 TCTG 3 
180000000 189999999 TCTG 3 
190000000 199999999 TCTG 3 
200000000 202261476 TCTG 3 
0 9999999 CTTT 4 
10000000 19999999 CTTT 4 
20000000 29999999 CTTT 4 
30000000 39999999 CTTT 4 
40000000 49999999 CTTT 4 
50000000 59999999 CTTT 4 
60000000 69999999 CTTT 4 
70000000 79999999 CTTT 4 
80000000 89999999 CTTT 4 
90000000 99999999 CTTT 4 
100000000 109999999 CTTT 4 
110000000 119999999 CTTT 4 
120000000 129999999 CTTT 4 
130000000 139999999 CTTT 4 
140000000 149999999 CTTT 4 
150000000 159999999 CTTT 4 
160000000 169999999 CTTT 4 
170000000 179999999 CTTT 4 
180000000 189999999 CTTT 4 
190000000 194018852 CTTT 4 
0 9999999 TAGA 5 
10000000 19999999 TAGA 5 
20000000 29999999 TAGA 5 
30000000 39999999 TAGA 5 
40000000 49999999 TAGA 5 
50000000 59999999 TAGA 5 
60000000 69999999 TAGA 5 
70000000 79999999 TAGA 5 
80000000 89999999 TAGA 5 
90000000 99999999 TAGA 5 
100000000 109999999 TAGA 5 
110000000 119999999 TAGA 5 
120000000 129999999 TAGA 5 
130000000 139999999 TAGA 5 
140000000 149999999 TAGA 5 
150000000 159999999 TAGA 5 
160000000 169999999 TAGA 5 
170000000 179999999 TAGA 5 
180000000 185169030 TAGA 5 
0 9999999 GATA 7 
10000000 19999999 GATA 7 
20000000 29999999 GATA 7 
30000000 39999999 GATA 7 
40000000 49999999 GATA 7 
50000000 59999999 GATA 7 
60000000 69999999 GATA 7 
70000000 79999999 GATA 7 
80000000 90000001 GATA 7 
90000002 100000001 GATA 7 
100000002 110000001 GATA 7 
110000002 120000001 GATA 7 
120000002 130000001 GATA 7 
130000002 140000001 GATA 7 
140000002 150000001 GATA 7 
150000002 160000001 GATA 7 
160000002 162532898 GATA 7 
0 9999999 TCTA 8 
10000000 19999999 TCTA 8 
20000000 29999999 TCTA 8 
30000000 39999999 TCTA 8 
40000000 49999999 TCTA 8 
50000000 59999999 TCTA 8 
60000000 69999999 TCTA 8 
70000000 79999999 TCTA 8 
80000000 89999999 TCTA 8 
90000000 99999999 TCTA 8 
100000000 109999999 TCTA 8 
110000000 119999999 TCTA 8 
120000000 129999999 TCTA 8 
130000000 139999999 TCTA 8 
140000000 148041414 TCTA 8 
0 9999999 TCAT 11 
10000000 19999999 TCAT 11 
20000000 29999999 TCAT 11 
30000000 39999999 TCAT 11 
40000000 49999999 TCAT 11 
50000000 59999999 TCAT 11 
60000000 69999999 TCAT 11 
70000000 79999999 TCAT 11 
80000000 89999999 TCAT 11 
90000000 99999999 TCAT 11 
100000000 109999999 TCAT 11 
110000000 119999999 TCAT 11 
120000000 129999999 TCAT 11 
130000000 137788361 TCAT 11 
0 9999999 TCTG 12 
10000000 19999999 TCTG 12 
20000000 29999999 TCTG 12 
30000000 39999999 TCTG 12 
40000000 49999999 TCTG 12 
50000000 59999999 TCTG 12 
60000000 69999999 TCTG 12 
70000000 79999999 TCTG 12 
80000000 89999999 TCTG 12 
90000000 99999999 TCTG 12 
100000000 109999999 TCTG 12 
110000000 119999999 TCTG 12 
120000000 129999999 TCTG 12 
130000000 135940822 TCTG 12 
0 9999999 TATC 13 
10000000 19999999 TATC 13 
20000000 29999999 TATC 13 
30000000 39999999 TATC 13 
40000000 49999999 TATC 13 
50000000 59999999 TATC 13 
60000000 69999999 TATC 13 
70000000 79999999 TATC 13 
80000000 89999999 TATC 13 
90000000 99999999 TATC 13 
100000000 109999999 TATC 13 
110000000 116651621 TATC 13 
0 9999999 GATA 16 
10000000 19999999 GATA 16 
20000000 29999999 GATA 16 
30000000 39999999 GATA 16 
40000000 49999999 GATA 16 
50000000 59999999 GATA 16 
60000000 69999999 GATA 16 
70000000 79999999 GATA 16 
80000000 89999999 GATA 16 
90000000 92145118 GATA 16 
0 9999999 AGAA 18 
10000000 19999999 AGAA 18 
20000000 29999999 AGAA 18 
30000000 39999999 AGAA 18 
40000000 49999999 AGAA 18 
50000000 59999999 AGAA 18 
60000000 69999999 AGAA 18 
70000000 79999999 AGAA 18 
80000000 81980757 AGAA 18 
0 9999999 TCTA 21 
10000000 19999999 TCTA 21 
20000000 29999999 TCTA 21 
30000000 39999999 TCTA 21 
40000000 47644189 TCTA 21 
